1.854000000000000000e+03
1.872000000000000000e+03
1.918000000000000000e+03
1.926000000000000000e+03
1.933000000000000000e+03
1.934000000000000000e+03
1.935000000000000000e+03
1.945000000000000000e+03
1.950000000000000000e+03
1.964000000000000000e+03
1.965000000000000000e+03
1.966000000000000000e+03
1.985000000000000000e+03
1.986000000000000000e+03
1.987000000000000000e+03
1.999000000000000000e+03
2.000000000000000000e+03
2.008000000000000000e+03
2.023000000000000000e+03
2.025000000000000000e+03
2.038000000000000000e+03
2.045000000000000000e+03
2.051000000000000000e+03
2.058000000000000000e+03
2.059000000000000000e+03
2.060000000000000000e+03
2.061000000000000000e+03
2.062000000000000000e+03
2.063000000000000000e+03
2.073000000000000000e+03
2.083000000000000000e+03
2.084000000000000000e+03
2.089000000000000000e+03
2.107000000000000000e+03
2.113000000000000000e+03
