1.800000000000000000e+01
1.900000000000000000e+01
2.600000000000000000e+01
1.650000000000000000e+02
1.980000000000000000e+02
6.420000000000000000e+02
7.130000000000000000e+02
7.150000000000000000e+02
7.160000000000000000e+02
7.190000000000000000e+02
7.210000000000000000e+02
7.220000000000000000e+02
7.290000000000000000e+02
7.310000000000000000e+02
7.330000000000000000e+02
7.360000000000000000e+02
7.380000000000000000e+02
7.650000000000000000e+02
7.750000000000000000e+02
7.850000000000000000e+02
7.930000000000000000e+02
7.950000000000000000e+02
7.970000000000000000e+02
7.980000000000000000e+02
8.290000000000000000e+02
8.470000000000000000e+02
8.540000000000000000e+02
8.570000000000000000e+02
8.590000000000000000e+02
8.630000000000000000e+02
8.710000000000000000e+02
8.780000000000000000e+02
8.800000000000000000e+02
8.840000000000000000e+02
8.850000000000000000e+02
8.900000000000000000e+02
8.990000000000000000e+02
9.000000000000000000e+02
9.010000000000000000e+02
9.060000000000000000e+02
9.130000000000000000e+02
9.150000000000000000e+02
9.160000000000000000e+02
9.250000000000000000e+02
9.290000000000000000e+02
9.300000000000000000e+02
9.350000000000000000e+02
9.460000000000000000e+02
9.470000000000000000e+02
9.530000000000000000e+02
9.570000000000000000e+02
9.660000000000000000e+02
9.690000000000000000e+02
9.700000000000000000e+02
9.740000000000000000e+02
9.760000000000000000e+02
9.800000000000000000e+02
9.840000000000000000e+02
9.910000000000000000e+02
9.960000000000000000e+02
9.970000000000000000e+02
9.990000000000000000e+02
1.002000000000000000e+03
1.003000000000000000e+03
1.005000000000000000e+03
1.006000000000000000e+03
1.007000000000000000e+03
1.011000000000000000e+03
1.012000000000000000e+03
1.020000000000000000e+03
1.021000000000000000e+03
1.022000000000000000e+03
1.023000000000000000e+03
1.025000000000000000e+03
1.026000000000000000e+03
1.027000000000000000e+03
1.028000000000000000e+03
1.029000000000000000e+03
1.030000000000000000e+03
1.031000000000000000e+03
1.032000000000000000e+03
1.034000000000000000e+03
1.035000000000000000e+03
1.036000000000000000e+03
1.038000000000000000e+03
1.040000000000000000e+03
1.041000000000000000e+03
1.042000000000000000e+03
1.043000000000000000e+03
1.045000000000000000e+03
1.046000000000000000e+03
1.047000000000000000e+03
1.048000000000000000e+03
1.049000000000000000e+03
1.054000000000000000e+03
1.055000000000000000e+03
1.056000000000000000e+03
1.057000000000000000e+03
1.058000000000000000e+03
1.059000000000000000e+03
1.060000000000000000e+03
1.061000000000000000e+03
1.062000000000000000e+03
1.063000000000000000e+03
1.064000000000000000e+03
1.066000000000000000e+03
1.068000000000000000e+03
1.069000000000000000e+03
1.070000000000000000e+03
1.073000000000000000e+03
1.075000000000000000e+03
1.078000000000000000e+03
1.079000000000000000e+03
1.080000000000000000e+03
1.082000000000000000e+03
1.085000000000000000e+03
1.086000000000000000e+03
1.087000000000000000e+03
1.088000000000000000e+03
1.089000000000000000e+03
1.090000000000000000e+03
1.091000000000000000e+03
1.092000000000000000e+03
1.093000000000000000e+03
1.105000000000000000e+03
1.107000000000000000e+03
1.112000000000000000e+03
1.115000000000000000e+03
1.119000000000000000e+03
1.120000000000000000e+03
1.126000000000000000e+03
1.127000000000000000e+03
1.129000000000000000e+03
1.130000000000000000e+03
1.134000000000000000e+03
1.135000000000000000e+03
1.136000000000000000e+03
1.137000000000000000e+03
1.138000000000000000e+03
1.139000000000000000e+03
1.140000000000000000e+03
1.141000000000000000e+03
1.142000000000000000e+03
1.143000000000000000e+03
1.144000000000000000e+03
1.146000000000000000e+03
1.147000000000000000e+03
1.152000000000000000e+03
1.155000000000000000e+03
1.156000000000000000e+03
1.157000000000000000e+03
1.158000000000000000e+03
1.160000000000000000e+03
1.162000000000000000e+03
1.164000000000000000e+03
1.165000000000000000e+03
1.167000000000000000e+03
1.169000000000000000e+03
1.170000000000000000e+03
1.184000000000000000e+03
1.186000000000000000e+03
1.188000000000000000e+03
1.196000000000000000e+03
1.211000000000000000e+03
1.216000000000000000e+03
1.220000000000000000e+03
1.222000000000000000e+03
1.227000000000000000e+03
1.229000000000000000e+03
1.236000000000000000e+03
1.237000000000000000e+03
1.238000000000000000e+03
1.239000000000000000e+03
1.243000000000000000e+03
1.246000000000000000e+03
1.261000000000000000e+03
1.262000000000000000e+03
1.278000000000000000e+03
1.295000000000000000e+03
1.302000000000000000e+03
1.319000000000000000e+03
1.320000000000000000e+03
1.329000000000000000e+03
1.330000000000000000e+03
1.332000000000000000e+03
1.339000000000000000e+03
1.343000000000000000e+03
1.345000000000000000e+03
1.346000000000000000e+03
1.350000000000000000e+03
1.351000000000000000e+03
1.370000000000000000e+03
1.373000000000000000e+03
1.379000000000000000e+03
1.380000000000000000e+03
1.381000000000000000e+03
1.382000000000000000e+03
1.383000000000000000e+03
1.384000000000000000e+03
1.385000000000000000e+03
1.386000000000000000e+03
1.387000000000000000e+03
1.388000000000000000e+03
1.389000000000000000e+03
1.390000000000000000e+03
1.391000000000000000e+03
1.392000000000000000e+03
1.393000000000000000e+03
1.394000000000000000e+03
1.395000000000000000e+03
1.396000000000000000e+03
1.397000000000000000e+03
1.398000000000000000e+03
1.399000000000000000e+03
1.405000000000000000e+03
1.406000000000000000e+03
1.407000000000000000e+03
1.408000000000000000e+03
1.409000000000000000e+03
1.410000000000000000e+03
1.411000000000000000e+03
1.412000000000000000e+03
1.414000000000000000e+03
1.416000000000000000e+03
1.418000000000000000e+03
1.419000000000000000e+03
1.423000000000000000e+03
1.424000000000000000e+03
1.426000000000000000e+03
1.442000000000000000e+03
1.560000000000000000e+03
1.561000000000000000e+03
1.565000000000000000e+03
1.566000000000000000e+03
1.568000000000000000e+03
1.569000000000000000e+03
1.570000000000000000e+03
1.576000000000000000e+03
1.577000000000000000e+03
1.578000000000000000e+03
1.581000000000000000e+03
1.582000000000000000e+03
1.583000000000000000e+03
1.591000000000000000e+03
1.594000000000000000e+03
1.595000000000000000e+03
1.603000000000000000e+03
1.610000000000000000e+03
1.611000000000000000e+03
1.616000000000000000e+03
1.622000000000000000e+03
1.623000000000000000e+03
1.649000000000000000e+03
1.671000000000000000e+03
1.672000000000000000e+03
1.698000000000000000e+03
1.706000000000000000e+03
1.708000000000000000e+03
1.709000000000000000e+03
1.711000000000000000e+03
1.720000000000000000e+03
1.725000000000000000e+03
1.731000000000000000e+03
1.739000000000000000e+03
1.740000000000000000e+03
1.746000000000000000e+03
1.754000000000000000e+03
1.786000000000000000e+03
1.787000000000000000e+03
1.792000000000000000e+03
1.797000000000000000e+03
1.805000000000000000e+03
1.806000000000000000e+03
1.811000000000000000e+03
1.824000000000000000e+03
1.825000000000000000e+03
1.826000000000000000e+03
1.836000000000000000e+03
1.840000000000000000e+03
1.841000000000000000e+03
1.846000000000000000e+03
1.847000000000000000e+03
1.854000000000000000e+03
1.872000000000000000e+03
1.933000000000000000e+03
1.934000000000000000e+03
1.935000000000000000e+03
1.950000000000000000e+03
1.965000000000000000e+03
1.966000000000000000e+03
1.967000000000000000e+03
1.984000000000000000e+03
1.985000000000000000e+03
1.986000000000000000e+03
1.987000000000000000e+03
1.999000000000000000e+03
2.000000000000000000e+03
2.008000000000000000e+03
2.025000000000000000e+03
2.038000000000000000e+03
2.045000000000000000e+03
2.059000000000000000e+03
2.060000000000000000e+03
2.061000000000000000e+03
2.062000000000000000e+03
2.063000000000000000e+03
2.064000000000000000e+03
2.072000000000000000e+03
2.073000000000000000e+03
2.083000000000000000e+03
2.107000000000000000e+03
