1.424000000000000000e+03
1.435000000000000000e+03
1.441000000000000000e+03
1.442000000000000000e+03
1.448000000000000000e+03
1.449000000000000000e+03
1.461000000000000000e+03
1.471000000000000000e+03
1.480000000000000000e+03
1.485000000000000000e+03
1.486000000000000000e+03
1.493000000000000000e+03
1.494000000000000000e+03
1.498000000000000000e+03
1.514000000000000000e+03
1.515000000000000000e+03
1.516000000000000000e+03
1.533000000000000000e+03
1.549000000000000000e+03
1.558000000000000000e+03
1.559000000000000000e+03
1.560000000000000000e+03
1.561000000000000000e+03
1.565000000000000000e+03
1.566000000000000000e+03
1.568000000000000000e+03
1.569000000000000000e+03
1.570000000000000000e+03
1.576000000000000000e+03
1.577000000000000000e+03
1.578000000000000000e+03
1.581000000000000000e+03
1.582000000000000000e+03
1.583000000000000000e+03
1.591000000000000000e+03
1.594000000000000000e+03
1.595000000000000000e+03
1.603000000000000000e+03
1.610000000000000000e+03
1.611000000000000000e+03
1.616000000000000000e+03
1.622000000000000000e+03
1.623000000000000000e+03
1.649000000000000000e+03
1.671000000000000000e+03
1.672000000000000000e+03
1.698000000000000000e+03
1.706000000000000000e+03
1.708000000000000000e+03
1.709000000000000000e+03
1.711000000000000000e+03
1.720000000000000000e+03
1.725000000000000000e+03
1.731000000000000000e+03
1.739000000000000000e+03
1.740000000000000000e+03
1.746000000000000000e+03
1.754000000000000000e+03
1.786000000000000000e+03
1.787000000000000000e+03
1.792000000000000000e+03
1.797000000000000000e+03
1.805000000000000000e+03
1.806000000000000000e+03
1.811000000000000000e+03
1.824000000000000000e+03
1.825000000000000000e+03
1.826000000000000000e+03
1.836000000000000000e+03
1.840000000000000000e+03
1.841000000000000000e+03
1.846000000000000000e+03
1.847000000000000000e+03
1.854000000000000000e+03
1.872000000000000000e+03
1.933000000000000000e+03
1.934000000000000000e+03
1.935000000000000000e+03
1.950000000000000000e+03
1.965000000000000000e+03
1.966000000000000000e+03
1.967000000000000000e+03
1.984000000000000000e+03
1.985000000000000000e+03
1.986000000000000000e+03
1.987000000000000000e+03
1.999000000000000000e+03
2.000000000000000000e+03
2.008000000000000000e+03
2.025000000000000000e+03
2.038000000000000000e+03
2.045000000000000000e+03
2.059000000000000000e+03
2.060000000000000000e+03
2.061000000000000000e+03
2.062000000000000000e+03
2.063000000000000000e+03
2.064000000000000000e+03
2.072000000000000000e+03
2.073000000000000000e+03
2.083000000000000000e+03
2.107000000000000000e+03
