1.330000000000000000e+02
1.340000000000000000e+02
1.390000000000000000e+02
3.910000000000000000e+02
7.560000000000000000e+02
7.680000000000000000e+02
7.690000000000000000e+02
9.130000000000000000e+02
9.270000000000000000e+02
9.300000000000000000e+02
1.006000000000000000e+03
1.035000000000000000e+03
1.037000000000000000e+03
1.038000000000000000e+03
1.043000000000000000e+03
1.045000000000000000e+03
1.058000000000000000e+03
1.061000000000000000e+03
1.066000000000000000e+03
1.067000000000000000e+03
1.069000000000000000e+03
1.070000000000000000e+03
1.081000000000000000e+03
1.086000000000000000e+03
1.090000000000000000e+03
1.095000000000000000e+03
1.098000000000000000e+03
1.105000000000000000e+03
1.113000000000000000e+03
1.119000000000000000e+03
1.133000000000000000e+03
1.146000000000000000e+03
1.147000000000000000e+03
1.175000000000000000e+03
1.176000000000000000e+03
1.179000000000000000e+03
1.212000000000000000e+03
1.214000000000000000e+03
1.222000000000000000e+03
1.241000000000000000e+03
1.242000000000000000e+03
1.243000000000000000e+03
1.246000000000000000e+03
1.247000000000000000e+03
1.248000000000000000e+03
1.249000000000000000e+03
1.250000000000000000e+03
1.252000000000000000e+03
1.253000000000000000e+03
1.254000000000000000e+03
1.255000000000000000e+03
1.256000000000000000e+03
1.260000000000000000e+03
1.261000000000000000e+03
1.262000000000000000e+03
1.271000000000000000e+03
1.287000000000000000e+03
1.291000000000000000e+03
1.299000000000000000e+03
1.300000000000000000e+03
1.301000000000000000e+03
1.304000000000000000e+03
1.305000000000000000e+03
1.306000000000000000e+03
1.309000000000000000e+03
1.310000000000000000e+03
1.312000000000000000e+03
1.313000000000000000e+03
1.314000000000000000e+03
1.317000000000000000e+03
1.318000000000000000e+03
1.320000000000000000e+03
1.321000000000000000e+03
1.325000000000000000e+03
1.330000000000000000e+03
1.332000000000000000e+03
1.335000000000000000e+03
1.336000000000000000e+03
1.337000000000000000e+03
1.338000000000000000e+03
1.340000000000000000e+03
1.341000000000000000e+03
1.342000000000000000e+03
1.343000000000000000e+03
1.345000000000000000e+03
1.346000000000000000e+03
1.347000000000000000e+03
1.348000000000000000e+03
1.349000000000000000e+03
1.351000000000000000e+03
1.352000000000000000e+03
1.353000000000000000e+03
1.358000000000000000e+03
1.360000000000000000e+03
1.363000000000000000e+03
1.367000000000000000e+03
1.368000000000000000e+03
1.369000000000000000e+03
1.370000000000000000e+03
1.371000000000000000e+03
1.376000000000000000e+03
1.401000000000000000e+03
1.416000000000000000e+03
1.417000000000000000e+03
1.422000000000000000e+03
1.423000000000000000e+03
1.430000000000000000e+03
1.431000000000000000e+03
1.435000000000000000e+03
1.436000000000000000e+03
1.471000000000000000e+03
1.484000000000000000e+03
1.485000000000000000e+03
1.486000000000000000e+03
1.487000000000000000e+03
1.488000000000000000e+03
1.489000000000000000e+03
1.491000000000000000e+03
1.492000000000000000e+03
1.498000000000000000e+03
1.517000000000000000e+03
1.518000000000000000e+03
1.556000000000000000e+03
1.557000000000000000e+03
1.560000000000000000e+03
1.572000000000000000e+03
1.577000000000000000e+03
1.579000000000000000e+03
1.584000000000000000e+03
1.587000000000000000e+03
1.608000000000000000e+03
